1
1 11 20 30 41 53 61 73 80 91 
6 14 21 31 46 54 63 74 83 95 
8 16 23 36 49 57 68 76 86 99 

2
7 14 21 32 40 54 63 70 80 90 
8 18 24 34 41 58 64 76 85 95 
9 19 26 39 49 59 65 78 89 97 

3
1 10 20 33 40 50 60 74 84 90 
2 11 24 34 41 52 65 75 85 94 
5 18 29 35 45 56 68 79 89 95 

4
2 14 23 33 41 50 61 70 82 95 
3 16 25 34 44 53 64 75 84 96 
6 17 26 39 49 55 69 77 86 99 

5
1 12 21 32 40 50 61 72 81 91 
3 17 27 35 42 56 67 77 83 95 
5 19 29 39 45 59 68 78 86 96 

6
1 11 23 34 44 51 60 70 83 90 
4 12 24 36 45 52 65 72 85 92 
7 18 26 38 49 56 68 79 86 95 

7
6 14 20 30 40 50 64 71 81 94 
7 17 22 32 41 51 66 72 84 96 
9 18 24 35 45 52 68 78 85 98 

8
3 11 20 35 42 52 61 71 82 92 
5 18 22 36 44 58 66 76 84 95 
7 19 27 37 46 59 67 78 86 99 

9
2 12 20 31 40 51 60 70 81 90 
7 13 21 36 45 53 61 76 84 91 
8 16 27 39 49 56 69 79 85 92 

10
0 16 20 30 42 51 61 73 80 90 
2 18 24 33 45 52 63 74 83 95 
9 19 25 36 46 53 65 76 84 98 

11
0 12 22 33 40 54 63 75 81 90 
6 14 25 34 41 58 65 77 84 91 
7 16 28 38 44 59 67 78 86 98 

12
1 10 21 32 40 50 61 70 84 91 
2 14 25 33 41 54 64 74 86 97 
6 18 28 35 44 55 68 79 89 99 

13
1 15 22 35 44 51 64 71 80 91 
3 16 28 36 45 53 65 74 84 94 
7 17 29 37 46 55 69 77 86 99 

14
1 15 20 30 40 54 63 70 81 91 
3 16 24 31 41 56 64 71 82 97 
4 17 27 35 42 58 66 74 85 99 

15
0 11 20 31 42 52 64 72 80 92 
3 13 24 32 45 53 66 76 82 95 
7 17 28 34 49 58 68 79 86 99 

16
2 12 20 31 41 51 67 70 82 94 
3 13 22 38 44 54 68 75 84 96 
7 14 23 39 46 59 69 78 85 97 

17
0 15 20 30 42 54 61 70 82 96 
1 17 22 31 45 56 65 72 83 97 
5 19 24 32 46 59 66 74 86 99 

18
3 10 20 30 40 54 60 72 80 90 
5 15 27 37 41 57 63 74 82 91 
9 18 28 38 49 59 64 77 86 98 

19
0 10 23 30 41 50 64 73 80 91 
1 13 25 31 44 55 65 74 86 92 
6 16 26 35 49 57 69 75 89 97 

20
0 14 23 31 41 52 67 70 83 92 
1 16 24 35 45 53 68 77 84 95 
2 17 26 38 46 55 69 78 85 96 

